1932
2083
990
1506
1802
1804
1437
1196
1437
1582
1977
1394
906
1409
941
927
1354
1720
2077
1770
903
1970
1580
2222
1355
751
1740
741
2195
1029
1655
1149
1858
1128
701
1786
1950
1634
1847
2002
936
1759
2053
932
1030
835
2136
1159
1117
1609
2019
1085
1708
1312
2118
1124
1279
1436
2043
1374
1963
1635
1874
934
2038
1982
1050
1805
1417
2141
824
2108
1655
1725
1701
1056
1558
1025
2170
923
1518
1715
1469
1206
1751
1423
1037
1645
1562
1893
1593
1762
1861
846
1465
1019
1781
816
1250
1797
912
1409
1173
882
671
2139
2148
1057
994
1298
2159
2160
1896
2189
1456
1648
822
1214
803
792
1335
738
876
1560
1733
1235
1698
1672
1743
882
1701
679
2184
1600
1983
1124
2219
1786
1570
2210
871
817
1266
1202
2076
1836
2043
1463
1154
1434
1986
1520
706
675
1075
2125
2006
1288
1675
2074
1496
668
1490
1385
961
1252
1735
728
1866
869
1763
1898
788
1524
939
1100
1330
2063
721
1819
982
1903
2219
2051
1197
1283
754
811
1392
1429
1216
2121
1138
908
1145
1685
1784
1350
1230
1318
1434
1870
1135
1151
776
1332
1705
1618
1145
1500
2156
1873
879
1932
1620
1788
1181
948
1013
749
1851
1293
1858
672
2168
1416
1183
1242
1982
1399
1728
1178
1053
1731
1762
1219
1841
1166
1162
1746
1014
776
1820
818
2104
1057
1178
1183
1776
682
1351
1991
1557
691
1696
1175
1876
984
1112
1566
1708
782
2006
1911
2145
1128
1890
2164
1874
1068
788
2093
1388
1748
1161
2119
1046
2068
1165
1060
1796
1424
1852
1284
1352
2072
939
2140
916
1464
747
1450
1701
1175
1024
903
1024
1933
1926
1716
744
1299
1752
1049
734
1352
1579
1964
1940
1776
1707
948
1997
1616
936
2137
1467
895
788
1090
1659
1233
1226
855
1326
1219
1729
1672
934
1448
1568
2006
986
1760
1831
1641
2213
987
1635
1373
1605
1005
2023
1391
737
1055
1527
905
1302
1696
1580
1603
1263
1028
740
1096
1170
1247
1461
1528
1312
814
1875
743
1026
733
833
1250
806
976
1639
1088
1420
773
1759
2014
721
1341
2207
980
741
1756
1447
1014
1383
1549
920
1071
1127
1019
1081
1383
1094
2135
744
1297
1190
1112
999
1871
1310
933
1725
2043
1496
1994
1640
1305
1823
1754
2143
1507
920
1165
1964
1585
731
986
2010
1919
1569
1001
1289
943
1659
2041
916
1070
1317
1212
2190
992
2143
1162
2125
1329
1722
1129
712
737
1230
2193
1768
1029
1302
2106
1072
1887
1364
2196
1668
1395
1170
1632
762
1234
1316
928
1710
2126
767
1952
2171
1383
1110
1921
1011
1600
772
693
1314
2059
1177
1508
1395
2149
1452
1857
2093
1104
688
2006
767
762
1343
2092
1306
1891
1273
1842
1563
922
2069
695
837
1179
1335
1346
1617
1741
1192
1799
1841
2068
959
1437
1297
1970
1184
692
1573
2221
1685
1131
1934
2000
906
930
2182
2218
1389
789
1693
1181
1835
1667
1585
1787
811
2172
1701
689
816
1978
1850
1489
2188
2066
1141
1642
1139
1620
2019
1510
1343
1700
1270
1946
721
1399
1451
1111
1655
1045
1257
858
1258
1970
2183
1684
678
2215
2191
1120
1221
997
1175
1872
1867
1525
1083
1236
1592
945
1109
1683
2064
1029
1578
1062
1863
1940
1557
1701
732
1965
2002
1938
1652
1901
879
1561
1943
1689
2178
837
1748
728
1183
2201
2090
695
1490
1863
788
915
981
838
2039
2116
2102
2038
1238
852
1388
2020
986
1433
1674
2130
2004
1084
1819
1276
965
1291
2082
1506
894
1448
693
1179
1087
1774
1915
1074
1883
1374
815
1711
1758
2086
1578
1546
1595
1156
906
1236
2048
1561
2211
1537
1643
756
817
1223
1241
2144
1745
1598
718
1772
1599
1189
1994
2101
1778
1425
1729
1203
855
1791
698
1491
1557
1085
1247
1455
1285
977
786
1607
877
2096
1741
869
1940
1611
1210
911
1582
1741
1270
2159
1710
1102
1772
707
1271
1509
1704
999
1310
2165
1337
1126
1778
2066
1852
926
726
1007
1467
1100
2078
1985
795
1979
1425
997
710
1554
1290
1094
1208
1775
2150
1724
921
757
1180
668
894
1444
707
1782
1471
1005
799
1063
1453
1422
1932
2019
680
1472
1039
911
1341
1783
1380
1551
2125
883
1149
1898
1256
1198
1847
2096
1440
1165
1643
1142
1322
2163
1863
675
1073
1899
2030
2152
1169
1267
1358
966
1710
2029
1329
741
1250
1917
1627
1156
1329
2108
908
2088
895
921
1853
2137
1770
1910
2113
2083
967
1491
975
2129
1584
1161
1537
1865
2008
701
1535
1997
1071
1338
1922
2166
1538
1508
848
857
792
1753
1153
1251
1451
1324
1789
1150
1910
1241
2114
2081
2213
2153
2018
1245
1612
1854
894
1062
1471
1223
1766
1896
1675
2083
1788
1962
1308
1664
763
781
1619
1535
1530
754
1108
1079
1008
1337
1420
1354
1453
1331
1602
1311
995
879
2207
1920
2112
1448
1582
2094
1569
1593
1390
861
1203
1443
1663
1409
2016
1401
1365
1110
1578
1907
1273
1986
1317
2163
1995
1434
2077
1720
946
1522
1549
1197
845
880
1524
1954
2045
2209
2147
1849
1389
1940
1341
1910
2124
1747
1282
1946
1454
2145
1203
1495
2065
897
1016
1172
2064
1381
1117
752
1149
1831
887
1388
911
1900
2047
1281
721
909
756
1062
1623
1506
1893
1089
1050
1113
1082
972
1749
740
2051
1905
1326
1140
2163
908
947
1828
852
949
762
975
1254
934
1914
1271
1925
1205
1437
923
1812
703
757
770
1485
1872
1011
1740
744
1902
1400
1341
980
1922
883
754
1478
2096
1315
2109
1410
1125
1284
2095
1182
1649
1949
2206
2204
1156
1105
704
1891
1946
2135
974
1967
797
2171
1763
1186
1704
1014
1835
1521
1638
714
1590
1414
794
2200
2120
2173
1565
1825
1691
1002
1386
2182
1789
1997
1266
1663
1270
1608
1408
2040
1306
1976
1559
1874
1126
764
1087
880
1418
1239
1824
1459
1171
1621
883
1784
2097
1051
1152
1049
2111
1681
713
908
1214
1990
932
887
2008
1023
1997
1965
1145
764
2123
990
1508
1165
979
1799
921
2094
712
1961
2034
707
1168
1604
1022
1262
2041
2061
1708
1434
1461
1484
1511
1423
1611
1271
1310
936
1236
1311
1173
1861
2190
690
1365
1896
2097
689
1272
1586
926
1716
1673
2158
1166
2003
1521
2077
1938
1854
1591
1042
1132
1645
1281
887
2180
1220
1399
2022
797
1241
819
982
1444
1635
2106
1304
1576
695
1021
1476
1150
2072
689
1035
889
1971
2114
752
737
1719
1238
2013
1222
1325
2218
1239
777
1697
838
1936
1543
1598
1843
832
954
2199
1954
1698
1947
1642
1780
1255
965
1296
1234
1165
1118
778
958
1338
2153
2110
796
891
1324
1745
672
1022
2029
1339
2029
723
1105
1983
873
976
1470
1942
1155
1953
954
888
1088
1797
1132
1206
1337
2012
1084
1788
1921
1299
742
1607
915
832
1542
785
1865
836
1839
827
700
1148
1514
1679
1335
946
1805
774
1149
1747
859
2201
2211
1308
852
1915
1980
811
971
1422
1482
1463
2011
955
893
1265
2136
1348
704
1034
1633
746
2214
1634
1170
1158
1309
777
1168
1888
1926
2120
1234
1362
1366
1410
848
1969
1590
793
1312
931
2211
2112
1113
1673
1015
1058
1566
1431
1147
880
1771
1670
2053
1653
2066
1330
1447
1573
1965
1750
1394
1646
1564
1066
1319
890
1459
2004
1160
1880
1854
902
1546
1924
1438
2184
1912
945
1937
2008
934
724
1603
1414
1777
1378
1988
918
2185
882
1024
1092
756
1592
1229
1732
1506
1759
704
1276
957
1179
1962
1726
2126
2194
765
772
835
1069
1534
794
1245
744
2191
1335
1828
912
1964
2048
1470
2036
1531
1358
2025
750
935
778
1854
2201
1215
2159
1797
1582
2040
806
1368
1918
1333
951
679
1465
1415
1551
1139
870
1095
951
1042
1650
1128
1685
1610
1664
1206
2112
1726
1460
2158
761
1070
799
1435
2186
803
788
1117
1346
1365
2185
1116
1048
1478
1809
1493
2088
1375
1801
2051
1541
2046
730
1338
1973
1321
824
1550
1601
1955
712
837
772
1895
779
1268
1789
1167
857
1918
1327
780
1440
1013
2164
1307
1907
2101
1509
1870
964
1908
1247
1994
1732
2010
1511
1500
847
682
806
1417
2037
1328
1307
1765
834
1117
1386
1465
1922
2038
1527
1534
725
1334
1777
2109
1397
1517
1971
1003
1575
2148
1586
1586
2149
718
1088
1181
831
882
1955
759
2193
793
1603
1719
1453
1171
820
688
804
1219
1060
1709
1682
2010
1563
1635
1990
1956
1235
1870
962
1336
926
1323
2008
1157
1022
2001
2069
897
1582
1192
709
877
1374
1716
1216
684
2167
2089
1407
1221
1805
745
1515
765
2012
1250
2035
777
1006
1512
1483
1791
1354
743
1135
2044
1299
1336
1084
1416
1920
787
842
1819
2028
1025
1824
1764
1558
2014
950
1860
1670
1230
1601
689
731
2139
706
1192
1192
1903
791
2109
1630
1704
1984
1677
2058
2119
2167
1285
1901
944
925
1052
1119
1910
1282
1702
1009
1433
1870
1202
2218
1292
1728
1689
789
1515
1071
2038
898
1648
734
1526
982
1431
1198
1930
1433
1156
1453
1183
1918
739
1284
954
1021
1789
1776
1310
1381
2100
1682
1169
1659
1738
2112
905
1882
745
1755
1379
1509
1753
875
1899
1493
685
979
935
2002
1322
1966
1369
1341
839
736
2217
1390
870
1208
1064
986
1458
1817
1814
2049
1881
1305
913
1478
786
1523
1694
1740
1218
2129
1161
809
1625
1174
1564
1821
1215
2211
1041
2133
938
1643
2111
1167
1986
708
692
2083
2152
1970
2186
1957
832
1246
672
1211
1891
1651
1932
1378
1142
1292
787
1078
1745
944
1051
2027
1377
1619
2050
1729
1395
1619
849
1379
971
1305
1600
1097
953
1976
689
1489
1972
1000
2205
1477
1231
1637
1492
1797
1869
1459
1171
2027
783
1474
934
2197
749
959
1929
747
1250
2196
988
810
2084
812
1033
1410
1324
1918
1836
745
922
1995
1282
1793
1627
1835
1921
1568
2133
1381
1472
2028
2030
2110
935
1471
766
1361
1296
1168
841
1857
2221
1690
1663
1975
1525
2138
758
1337
936
1489
2211
681
1550
899
1763
1066
1889
2206
673
1492
2209
1965
1687
2017
2019
986
2183
1965
1337
1940
1354
831
1508
1762
1010
1615
1880
1211
1827
759
1806
2026
1760
825
1962
1908
1708
1911
753
1953
1720
1131
1738
1410
1860
1404
1669
738
1025
1635
1859
1597
1342
1383
1293
1472
687
1644
2025
978
1989
2007
1911
2069
1109
2205
897
1840
915
1570
2219
1775
862
670
709
701
1596
2182
1720
682
1447
922
1412
1886
1141
1646
1238
1631
2186
2085
1951
1101
1215
2214
1672
2087
1696
792
694
994
1576
1762
1823
793
1246
897
1976
846
2207
912
779
2210
1171
1844
1744
1576
2177
919
794
1674
1748
2116
1465
2095
1258
1524
1063
2109
1147
1865
1773
1373
1542
936
1112
1726
979
1196
1864
994
1969
1794
1423
1376
1148
2066
2010
862
1487
1937
1694
929
681
1413
1625
2111
2165
2037
1239
2206
1873
876
1011
2097
829
1407
1950
1304
1762
1469
1014
790
743
898
1279
696
997
1408
1750
1584
1626
1287
2032
1521
2135
1945
1652
1976
1983
1001
2200
1915
1835
1847
2162
1374
865
1955
1043
2069
1859
758
918
765
1728
1654
2040
1414
1337
773
1131
1410
756
812
1084
843
1212
1704
1363
1931
1607
671
1623
998
1998
1455
1222
1041
2221
1352
843
998
1165
1046
1270
1788
2098
1193
1573
1362
734
957
2081
1484
1082
1132
683
2049
983
1423
864
967
1577
1023
1450
1881
2029
2047
2089
1782
2156
1113
1936
858
926
694
864
746
1997
945
2176
1458
1821
924
1607
2060
2155
1134
1944
1181
1920
2067
2059
1832
1004
1512
711
2170
781
1322
1651
2071
735
1014
743
890
706
1150
1368
1630
1710
2012
2025
1262
704
670
2067
1257
1451
2119
877
1802
2087
867
1856
1670
1394
2177
2131
1986
1230
1552
999
792
931
1882
944
2008
1014
736
1663
950
1253
813
1917
1372
919
685
1056
1894
2202
1035
1187
2188
1363
1947
1605
1282
2083
1480
1438
1126
1716
923
1766
2127
1092
1180
1067
1456
1850
1687
1851
1930
707
1755
1292
1249
1880
872
889
1129
1269
823
2097
1234
1447
709
1944
1618
2205
1026
1287
1241
1538
1380
1906
1620
1654
2026
1017
1559
1556
1024
1375
1582
2000
1598
2108
1897
2088
2033
1273
2090
1948
770
1719
2006
810
1805
1304
2001
1655
1497
1139
1190
1777
1542
1726
2011
1230
1968
1632
2077
831
1541
1802
790
739
2211
1899
808
1904
722
785
997
1832
1454
1532
1302
2035
2075
1048
1835
1880
2148
695
993
2013
1521
740
2174
1599
1529
670
1610
1220
848
1408
1980
1250
1887
709
1467
1654
1840
1932
722
947
1689
881
2143
1632
1597
1659
1155
2159
1007
1531
1508
1287
941
753
1192
1049
694
945
1711
1916
677
842
1763
2174
1601
1448
2188
1673
1168
2047
1783
1191
684
2210
1326
762
1883
1359
990
1793
1094
683
1677
936
1879
1586
685
1927
1829
1882
2218
1198
1306
1593
1712
877
1633
735
929
673
770
1000
1226
1414
1612
1041
1417
797
1754
1506
891
1969
968
1570
2168
2068
779
1176
1370
1558
771
1397
973
1513
1649
1679
2043
1210
1165
2173
905
940
1593
2202
2109
1703
1617
1324
1444
1269
2093
889
2076
891
1257
2004
939
1716
1015
2173
1223
1499
1560
1165
969
1446
893
1564
873
2170
1241
1871
902
892
2050
2130
855
1828
1900
1814
988
1002
1813
1204
1425
1135
1154
918
1431
1746
881
2004
937
2149
1799
1476
1873
2170
666
1555
2113
961
1129
877
1277
1082
1181
1060
1816
1328
1862
1089
1216
2165
1062
2040
1948
1879
1188
1971
1991
1764
1576
902
2200
963
729
1474
934
2143
817
2099
1266
1331
1578
1641
1207
1521
1355
1336
2130
1658
1680
2054
1060
1283
1950
2001
684
1268
792
693
1165
1389
1215
2175
1526
1883
1442
1939
703
954
2052
697
1600
2083
1114
1173
864
1477
1308
1069
2181
1082
2087
915
1105
1739
822
1882
2087
1732
699
1583
1691
704
1397
879
736
1328
2213
1864
843
757
1481
1743
1764
960
1164
1564
841
1551
1294
1310
2005
1470
1629
1337
1143
2037
1632
1619
1333
1101
812
833
809
1889
2192
827
2074
786
1628
1515
1069
1276
713
1662
820
1697
759
1816
1674
1256
978
2197
2138
2065
1370
1828
1631
2150
1499
1453
1781
1976
1731
700
1656
1636
860
1073
1058
2118
1034
1489
794
673
1006
1641
1614
1159
1954
1350
1847
853
2036
1045
741
1105
2073
915
1968
1219
1391
1755
1927
1694
1363
1309
671
2192
960
1947
760
1700
1933
1144
984
1980
994
1108
1624
1387
1367
1647
680
1643
1462
1226
2159
1359
1334
2200
1993
992
1992
944
1473
1628
1527
871
2091
1889
1090
1595
2150
713
1124
742
1686
1393
1535
1043
1697
680
1029
1312
1070
1037
1476
981
1623
1918
721
1104
1999
944
1288
1251
966
1219
989
1330
2113
708
1373
912
1065
686
2082
1763
1801
1583
1515
1868
1507
1216
1227
1088
1386
1387
887
980
780
1846
734
2056
2081
1274
878
1571
1404
2159
1952
993
845
828
1764
688
1345
886
742
1088
823
2123
957
1289
1386
1814
1295
1232
1732
871
1647
1112
1880
1267
1459
1134
1436
1699
822
1618
1197
961
2132
1619
1053
1378
1537
2044
1333
997
1569
1570
1117
1236
1761
1708
1579
1232
1948
1468
996
1397
1980
1988
1214
1367
2099
1666
2117
879
1058
678
1661
937
1313
1408
1379
1550
1236
2115
1440
1647
669
2214
1554
1883
820
1595
1561
2030
917
1491
827
1032
1836
1639
1943
1065
2048
1539
2170
2120
1865
880
2217
1882
2134
1673
1383
724
1150
1604
2001
1264
2185
1871
896
1675
1486
934
2088
680
2013
2148
1323
1414
733
1246
1718
1144
1726
1901
796
1959
1152
1375
1291
1491
1540
1262
1751
1296
732
1817
1688
1290
1997
905
813
1469
1165
2000
1161
1690
689
1292
2199
730
733
705
1081
1900
781
730
1224
2147
717
1930
1490
1749
1355
2131
1321
716
1158
1976
1922
1898
700
867
1527
755
1167
1360
835
1792
842
814
1067
985
990
1800
1575
1205
1817
1351
2183
2054
1590
1970
1663
1340
2024
2099
1661
1179
2152
1768
905
924
1954
873
1519
708
1509
2169
1284
1713
910
1279
1153
1295
1403
884
2126
1457
1389
1659
955
818
1468
1023
1359
1779
1574
1906
1935
1230
1692
809
2177
1270
1207
2099
1139
1468
1715
1759
1888
1358
830
848
1911
878
780
2208
1233
1752
1907
1410
913
1861
1915
1390
2222
1681
908
1606
1158
885
1405
1298
2033
1001
1242
1464
2079
2194
1869
1940
1808
1670
2148
1485
1789
928
1162
1489
2106
1462
1236
1981
1592
812
1980
2210
1636
1621
1369
861
1613
726
1522
1106
1665
2181
1671
1398
1804
1701
1814
1907
1180
1789
1446
720
706
1308
826
2092
1537
1148
1920
1566
910
2004
1497
1989
1270
2137
668
819
1613
1622
1104
2018
1188
1634
707
869
1176
1620
786
1793
2149
1848
1092
1555
1908
697
1944
1161
1694
1622
1105
1604
833
1095
1869
1847
937
1678
1749
2167
2187
2073
691
823
2169
1878
2132
2024
682
1388
1582
1809
1956
1388
834
1241
1787
1235
1660
2128
2051
1697
1841
1349
901
1331
2131
1575
1001
1920
711
727
1052
1646
956
2063
1860
2077
1935
2120
1129
1449
1077
1854
829
2217
1537
1054
1863
1481
1674
1804
1285
1308
2091
1712
2015
1569
2187
2204
1952
1437
1640
855
890
829
850
1057
2132
1444
1709
1887
2129
1264
1645
1129
1310
1419
1891
1261
1848
1782
2215
728
1519
2213
957
1026
1051
1864
1124
1130
1335
1228
1038
1626
906
1366
1657
678
1346
1178
894
1061
1660
1018
1293
1290
1470
1480
1492
2015
1623
754
1520
680
1130
1417
951
1820
1959
1541
2197
1328
718
1603
1098
694
2133
1403
945
1044
2118
1528
933
1905
1571
920
759
1592
801
1419
816
1751
1747
2126
1620
1072
776
920
1576
1407
900
1153
1214
1114
1429
1689
2140
2039
861
684
1577
1153
771
1122
1359
1456
1154
1322
974
741
1133
2039
1001
1530
1984
2000
1517
1206
1670
1113
2041
1026
1392
1804
1038
1538
1874
1274
1238
1565
2107
2079
1683
1216
1308
2096
1563
1378
2009
1378
1868
2075
1596
1755
1766
1636
1137
1966
702
854
2025
1437
1395
1806
1496
1835
1090
1477
1432
1718
1054
2047
1092
1792
1571
2092
1775
2005
1101
964
1667
1687
1992
2040
784
1824
2123
1641
697
679
812
747
2150
1595
843
1117
932
1006
1989
1722
1590
812
2015
1575
1056
2187
1883
1442
824
2180
1154
1700
671
1284
1943
1080
1507
952
1582
1753
1371
1772
2102
1063
2202
1230
1736
1408
2015
1212
1240
1111
2149
2087
2167
1503
1519
2058
685
1838
1888
1466
1761
670
1561
1456
2117
1290
774
1916
1160
1493
980
1728
1075
781
820
1290
1542
1657
744
1708
1480
1710
2010
784
857
1910
1765
1143
1510
1761
1302
687
1509
910
883
1138
1705
1031
831
1473
1864
1423
1016
1582
1364
1745
1230
1464
1263
2036
1374
1684
1769
1210
1500
1183
1676
2190
1315
1992
971
952
1415
902
902
2211
2015
1615
2054
1464
796
2146
1535
1801
1417
979
1554
1299
1017
1605
805
1215
1918
1316
1975
1194
1688
1998
1454
1046
1932
922
2085
1557
1647
791
1275
1758
1592
1703
1811
1436
1546
1276
2130
1667
695
834
2054
777
1281
2059
2186
1589
2156
1101
936
1797
1797
1382
808
721
1787
683
904
1948
712
1449
1492
1540
1248
2047
858
1024
1951
1502
1286
1639
1600
1855
1043
1797
1012
1195
2110
1641
882
1903
832
1712
1222
1206
1487
938
2002
2171
929
894
1342
724
1548
1848
1689
960
1636
2144
1763
1028
1450
869
1832
1874
929
790
1399
902
1396
1450
1297
1724
1081
2106
1635
1723
2055
1202
901
886
1379
1571
1425
1807
2072
1188
1513
1073
2153
1374
796
1789
2196
1863
962
882
2214
1811
1085
1832
1394
1556
1382
1768
1630
770
1962
708
1139
1313
1527
1009
708
1499
757
1604
1673
1103
812
1417
1847
710
1015
1458
1429
1437
2138
1648
1189
1519
698
1570
1690
2019
1355
1939
894
1591
1036
1529
749
2099
674
1594
2211
1765
1437
1691
2168
1380
1161
1264
1883
1839
1012
915
759
1523
1971
1649
1015
928
1057
1905
1619
2087
1392
1820
1475
774
1812
715
1240
1757
692
731
1977
1919
1230
2105
970
1238
897
1276
1422
707
1064
1736
1426
2100
2165
2152
1352
1466
1518
1483
958
1956
1555
1096
1075
1615
1536
763
1975
2102
1256
1395
769
1901
1892
1756
1387
1986
1543
702
1685
720
806
776
1134
2096
1090
1979
1254
1624
1986
1554
1951
1642
881
1198
886
1256
742
1049
1707
1133
1090
949
1232
686
2213
1885
1408
1011
1012
1467
1531
774
970
729
1412
2008
756
793
1960
1473
845
978
2050
999
1688
2206
2174
2162
1652
1234
1362
725
1221
2079
888
898
1881
779
1990
719
954
1143
1975
1085
1920
977
968
743
1328
772
1174
1924
1392
865
1328
837
2064
1482
767
1984
1028
1736
947
1604
2091
1290
1289
2051
1393
1299
1910
1419
1669
1251
692
1161
864
1820
745
2141
1018
1616
1392
1634
1334
1825
837
827
668
2158
2018
1374
909
1286
1009
1066
1190
1728
973
1190
1497
2161
1311
1581
1382
707
2148
1509
833
1712
2194
1442
1080
1710
1153
1865
1036
1207
1247
1764
1254
797
2122
710
1441
1130
1711
2142
2001
2200
1278
1290
745
905
1931
1159
1927
971
1771
1089
1637
2022
1312
897
1779
1919
2013
1044
1778
1281
903
1045
1592
704
677
2145
2167
2215
2129
908
1279
1839
1081
849
1401
1321
1050
1987
740
2219
789
1892
1694
2077
701
841
2003
677
940
894
2152
1498
1062
2118
1629
1474
1313
1464
1582
750
2013
759
707
1907
1401
818
1073
1298
2137
2021
1209
866
1118
1735
1227
962
1572
1522
1528
1768
700
1848
990
1751
828
1260
937
1305
798
812
1089
1105
1252
742
686
1995
1960
1217
718
721
1630
1860
1886
2098
961
1805
1837
1412
1838
1242
2012
2165
1386
1645
1411
1393
1403
1847
791
672
2216
1335
2072
1105
901
1501
1710
1450
1561
712
1634
1544
1925
1453
1603
1276
1407
1776
1800
1451
756
732
1197
668
1245
1246
1164
1622
1201
1379
1400
939
1753
1080
1423
1722
1170
1539
2180
1017
2204
930
1465
1737
2197
2209
695
2060
2163
2063
1987
1631
982
1930
1003
2221
1821
1913
1612
1083
2173
1209
1942
1295
1963
900
974
1960
691
1216
1491
877
2091
1052
1786
2069
2112
1263
1179
1455
1273
2114
687
1220
1711
1660
1273
907
1912
1137
2099
1872
1047
1151
1814
1892
765
842
1699
2172
741
685
1837
1895
1724
1616
1083
1729
1353
1718
1442
2116
2124
1645
2201
976
1371
1922
877
1384
2160
2196
1411
2218
1068
2149
725
1508
1137
760
792
1192
1354
1532
1640
1266
1121
1871
1385
1066
2126
1588
1554
1981
1929
914
1149
839
1017
2138
989
1474
1580
1509
1470
2009
1124
1358
1625
1148
1503
1723
826
1746
983
1930
2131
2026
854
1026
2042
1414
1263
2198
736
943
1599
1492
1940
2057
1787
946
1818
1351
1492
1592
695
1366
759
1072
1396
1615
1829
1282
1196
1107
1406
1746
699
1202
1968
1081
938
1194
2042
2096
1408
1689
1069
1646
1682
855
1206
1941
1687
752
1126
763
814
1978
2057
1111
1645
683
1077
704
899
1612
1397
888
1081
1501
1070
1794
993
1846
892
1885
954
1910
1720
1027
1174
1027
1094
1807
788
2063
1459
1746
1494
1996
914
1270
1726
1143
1762
1106
785
2129
1264
1597
1857
2079
1470
1063
1870
1593
929
942
1721
1958
1600
1868
1463
1528
1039
1573
1448
905
1493
1843
862
1889
830
1277
1851
1610
1201
2051
1010
951
1302
2045
924
1631
1163
1849
1459
701
2126
1791
824
1124
1939
1572
1100
1012
1496
1781
1768
2088
1259
938
862
1523
980
944
1652
671
724
1715
721
1143
1714
2031
1317
1685
739
1881
1866
812
1920
2207
1709
1113
1460
1997
1681
1174
1916
1735
1293
2053
1789
935
1434
748
1619
2113
1881
1710
2198
976
1809
2156
1869
1301
1638
2035
2137
818
1239
1882
1663
1859
1428
725
955
2049
702
1487
1875
883
1535
690
1317
1105
1713
765
2061
1825
928
1769
1454
1355
835
2102
731
1814
1440
1857
1517
1401
1282
1793
1068
1444
804
830
875
891
731
836
1162
812
974
1422
1857
1309
922
876
1229
1649
710
1582
728
1814
1615
1630
1477
2111
922
1806
902
2058
1154
1030
1616
1440
1899
703
1311
1668
1514
1455
1555
1883
2174
1114
1484
1070
1194
1571
2077
909
1866
1706
1366
1131
1131
1368
1547
725
1353
889
1735
990
1349
1370
1569
1891
794
1081
2034
1123
2069
1895
1457
1338
1999
1894
1496
1024
1539
1483
1709
1062
819
2146
1693
1434
1882
761
1345
1099
990
838
1897
1880
1573
1646
1524
731
965
2029
1762
1329
1643
1707
1899
1717
1698
1261
849
2114
837
706
1717
1145
1068
1528
1781
1335
1952
1296
1055
999
696
1359
2175
1068
1985
2055
1130
1586
868
1083
1561
1853
1275
820
1590
2132
1162
1947
1624
1390
1344
1227
709
1130
2134
1286
1349
1442
871
2002
1366
980
1256
1372
1551
787
1259
1098
759
1959
2201
787
1974
1274
1905
2076
1838
981
1560
2075
1961
1093
1715
1041
1476
737
1573
1002
2026
2203
1764
1911
2007
927
950
1786
1685
1839
1859
1735
969
2050
1051
935
1543
1996
1321
1360
839
1836
853
1836
2163
1238
1627
1934
1407
2031
944
749
1766
1149
1017
1159
735
1454
1157
906
1455
2187
2059
1551
2173
2021
1713
899
1607
2041
1414
2091
1207
1514
1147
988
1088
1118
1612
1522
1533
1544
2039
861
943
2181
1397
696
1606
1259
1879
997
1248
1318
1903
1614
1220
1169
1772
958
765
1087
2119
1846
900
1888
868
890
678
855
792
1270
1449
1877
1678
980
1241
1599
1666
1053
1699
1282
1701
778
1953
872
1086
861
1781
931
1811
1876
1541
953
914
1024
1571
868
923
1342
1572
1958
904
1704
1955
1750
831
1802
1343
1185
1096
931
721
1601
869
1699
1181
1169
1667
2133
1141
1904
1342
1356
1618
1775
1858
1779
1707
1205
1384
2117
1516
990
724
1323
1413
1911
1380
1887
1496
1194
744
1165
2041
1751
916
952
1111
921
1909
1208
1089
705
681
1524
2189
1186
2048
1515
1850
1482
1061
1509
1739
2010
2200
1123
798
1603
1233
1526
1223
1639
1754
902
1807
1017
1567
1134
2108
1397
1333
862
980
1600
788
1316
697
1136
1754
2158
1811
2013
2141
1669
836
1370
1794
1797
2026
747
743
903
1217
1876
2053
2153
846
1049
1562
2214
904
1353
954
994
804
2024
936
830
982
698
2053
1609
1459
1911
961
900
1505
1546
935
1146
919
2012
889
2193
1146
1671
1961
1920
1783
2145
1778
837
899
678
846
1021
1269
797
1621
1973
1851
1718
1606
1661
1511
1129
792
1061
1153
1603
1180
1388
1694
1176
1574
2065
1914
1127
2029
1363
2145
2209
754
1275
1374
1611
1139
1372
1345
1147
2138
1694
1169
1330
1190
1903
1396
1731
813
1261
1151
1386
1464
1783
1962
2027
766
1224
2066
739
1963
1858
1712
1960
1391
1537
2181
1304
1414
1528
1433
1492
1202
1058
1566
2090
1873
950
1179
1046
1768
2116
1825
2134
828
1838
671
1456
1455
1639
1318
967
1593
1016
880
1426
1439
2160
1442
2081
1763
1828
797
2085
1771
1553
1410
1443
1105
975
1566
1302
1144
1081
2202
815
716
1054
1082
781
693
1308
1420
1365
955
1393
781
934
2023
1598
1155
1987
1835
866
695
1288
767
901
910
911
2148
1629
1624
1250
1745
1456
1162
1645
1048
1424
796
1361
774
1047
1990
1606
889
1566
1135
684
790
1677
2155
951
2192
1868
751
1270
1780
935
1891
1760
2061
1538
1573
1881
1267
1703
896
1869
1888
837
2042
923
1004
1798
2163
1370
701
2030
2052
1558
1808
821
2049
2030
679
734
2051
1422
1062
1151
954
1791
1366
1787
1653
1123
1938
1464
1156
1092
1024
707
1699
1134
710
1672
1430
2001
927
2064
1348
1461
1119
901
1164
2072
1733
1422
2070
930
858
1450
740
1243
677
1799
2095
1749
1362
1844
1615
1019
2165
977
1766
1171
1816
1547
746
1825
1629
1218
1633
714
732
2143
1142
1181
1840
1082
1101
1400
2211
1274
1491
1472
1423
2188
2072
959
1459
1474
676
1148
2144
1903
1938
1418
2191
1084
942
1045
1409
1097
1337
2006
1373
1964
2045
2186
1965
1171
886
957
1598
1669
1772
1362
2009
1284
1004
1050
715
1782
1370
977
1862
1768
2160
1129
713
1543
1647
876
1267
1011
1117
1227
2213
1464
2018
1322
1470
830
786
1098
788
1810
715
1615
816
1856
1928
1184
866
1088
1839
945
733
1933
1677
820
1181
1817
1837
1459
1778
1110
1346
1285
695
1737
1672
668
1427
747
1440
1426
1174
2152
1023
2053
1600
717
738
2106
902
1692
2177
2045
2004
845
1794
1212
1183
1730
869
1259
1124
1072
1795
1582
1790
1696
1570
1162
1115
1716
1137
775
2129
1347
1881
756
1948
895
1950
1841
1350
2193
1556
707
1815
864
876
2074
1204
1652
822
808
1946
1298
1797
1878
1247
1808
1544
1210
818
1800
1455
969
1707
1346
1484
1060
1135
2029
1889
1005
2072
1563
677
820
882
700
1594
1934
1055
1555
1531
890
1145
784
1640
2172
1125
743
831
1985
1684
1657
904
781
1909
1269
2071
2111
2011
2182
738
1172
1727
974
1385
797
1703
1333
1495
1669
971
1002
1563
1699
1549
729
2128
2187
948
1931
889
1302
1587
2079
1424
1494
1692
1691
1325
784
975
1821
1983
881
679
1373
1244
1403
1359
1335
2202
1643
1539
1874
1016
1139
1835
1833
707
2060
1516
2015
1984
1302
991
863
2197
1391
1989
1671
879
1973
1705
669
945
1100
672
1945
1092
731
1030
1755
1279
1475
1719
1434
1057
875
1483
1823
1070
1561
1866
667
727
1975
1300
1226
1855
2164
899
1042
1699
1696
1185
1642
1314
1445
2159
796
1065
944
1257
724
2033
2007
1930
745
1974
1794
1381
1452
1392
2178
1510
1603
877
840
1596
897
2146
1726
1150
1040
1688
1109
1370
1279
1220
969
746
1382
1157
2091
2159
696
1749
1588
1473
1784
1604
699
1925
1193
1768
1784
1900
1088
1196
1405
1023
1910
1293
1973
1449
1554
1074
992
1768
2191
936
1126
1038
2052
1565
701
1009
1193
2059
2129
1700
1464
2114
1900
2177
1599
1781
1440
817
680
2002
1594
1140
1191
1978
816
1634
1030
1035
1525
907
1687
1089
1946
1923
2045
1550
1980
2029
2127
700
689
736
1472
1753
1009
749
850
1307
1725
1896
684
1672
1710
1188
1941
1538
2075
1901
1367
1651
768
2222
1792
1605
2108
910
1191
805
1401
2101
1751
1228
995
975
1644
1643
903
1661
1084
2190
1154
699
1161
970
1940
1421
2001
1829
2133
1819
2157
1541
1596
2106
1637
1236
842
1265
819
1304
1301
978
802
1588
1067
1172
1392
1268
1227
1506
2160
1054
2124
813
1048
736
1155
1777
916
1406
2193
1323
1870
1398
1390
670
1142
1243
1589
900
674
1450
1159
2107
1442
917
2012
1029
1867
1343
917
2004
1204
1679
1849
1002
1633
1265
1775
1226
1272
2147
2016
714
1846
1160
815
879
1370
2009
882
2103
2205
1739
1839
2193
1099
1486
1861
786
902
1990
1307
2117
1237
1569
1506
1792
957
899
1489
1634
1903
1349
1806
1028
1000
1740
2021
1424
897
987
1197
1200
952
2103
2004
1171
1678
1243
1816
2143
2047
2004
1338
1088
1161
2095
1918
1429
982
2146
1592
1231
1443
1163
687
1137
1971
2104
1956
668
1245
1128
1829
1760
1570
1232
2098
2124
1639
2143
978
1159
1942
2020
1718
1143
1434
1373
1612
1618
1654
2162
1992
907
1737
1462
1755
850
781
1675
1820
1403
2081
845
1342
1726
1080
687
818
1011
2016
1324
1230
1781
1951
1569
1468
1974
1125
1903
762
2043
703
1557
1814
1304
1413
1364
1751
843
1479
1022
1875
935
2144
1588
1007
1089
1767
1513
1330
1976
1791
1324
1075
2170
1534
1784
2152
1725
879
1992
1909
2167
841
1158
2160
691
963
2161
1840
2147
1531
1285
2028
1698
1933
1925
950
1982
1609
1708
914
703
712
1642
1788
2047
1695
790
1767
1069
2106
1945
1462
1400
933
1364
2195
1903
930
1248
833
1618
1663
1888
834
1939
2112
1730
1607
1064
1583
1895
1450
1923
2070
846
2137
901
805
700
1401
720
1322
1081
1783
1435
1909
1608
1104
1069
713
1419
873
1171
688
1538
757
1940
1648
1321
1962
2188
1134
733
1354
786
1175
1617
1157
2022
1285
742
1360
1739
1604
675
881
1134
1976
1075
1317
1347
2137
887
2050
972
968
1554
1368
1428
1155
2210
2212
2180
1577
1649
925
1588
1121
1805
2169
1709
1801
1151
1634
694
1114
941
1890
1081
896
1654
1035
921
1257
1011
1412
1098
1401
1548
2103
1652
1289
1920
2214
850
1747
820
1020
1719
1319
1871
746
1900
1831
1785
1579
796
1032
973
1447
1399
2115
1116
1514
1309
971
2142
1328
2034
748
2023
1817
850
1056
1809
1950
683
1627
1405
867
1379
728
1057
1459
1327
2218
1809
1713
1319
812
1294
953
819
1994
864
2171
1524
726
1040
1321
2129
1427
1597
1478
868
1595
1852
895
982
803
679
1840
1030
794
1722
813
1276
1407
1292
1793
1647
2194
755
1919
1734
1988
1594
1831
1015
1655
808
1673
1029
983
1417
713
739
797
1555
1419
1492
1493
1194
734
1898
1567
2203
1058
701
1197
1143
2169
1974
1585
1210
1741
1513
929
2149
1821
1303
1022
1433
1138
796
679
1666
1360
863
1354
913
1689
1094
2112
1547
1784
834
2154
1944
731
1817
1992
1806
1118
1942
1184
2025
1372
1054
1037
783
902
1480
1623
1883
1261
1110
1503
1010
1574
1390
1437
885
2021
1713
1809
1110
2097
2189
1820
1255
1427
2064
754
1880
2032
1948
1744
1708
1775
1602
1053
1611
1879
2126
1898
1081
941
828
2068
2007
770
1379
1947
881
1036
1845
908
1640
1419
1497
985
1797
1864
1454
935
949
1563
1141
981
1911
1411
1901
1849
1761
2042
1616
1432
835
1596
1084
1559
1146
1049
2096
1920
1718
756
699
1902
1608
2111
2078
816
1113
1846
1278
1074
1619
1604
1212
809
1217
1121
1154
2048
1797
2064
1149
1874
2055
2137
1252
1429
2082
1604
1833
1479
1969
1365
764
714
1933
1819
823
1613
1603
1915
967
2157
754
676
1262
1764
1519
1183
1801
834
2178
963
1541
1702
1369
1750
1733
1515
2134
2030
2037
1574
1395
920
2215
2050
1494
1525
1248
1746
1415
2198
1249
2051
814
1025
2066
759
1391
871
1139
1711
897
879
902
1635
1452
1175
1993
1618
1493
1802
2015
722
1870
1497
2104
1366
1389
1074
1280
1010
1386
2083
732
1066
2038
1443
1551
1442
1977
1457
2070
1717
1550
1403
1348
1705
1452
1334
1712
1964
756
1491
1610
1156
1484
1463
733
697
1693
1987
1565
802
1436
1857
1280
1794
1974
692
1647
2054
1828
971
808
1280
673
1653
1292
949
1711
1761
1039
1719
1824
1101
1223
894
859
1657
1238
2141
918
1678
1749
2060
1699
1579
896
1010
683
2042
723
2030
1767
2018
1610
1087
1315
811
978
738
1934
1460
2048
1207
932
2076
1980
1055
1214
668
2059
1492
1138
1658
1505
1312
784
740
1202
685
1104
1346
1091
869
1571
1491
1890
940
750
676
1438
1406
1114
1146
777
1990
684
1186
2197
1238
1055
958
1693
932
719
1789
1294
1347
772
1721
1119
1346
770
1250
2072
1085
1513
751
929
1579
1997
1748
1052
1004
1821
1751
1811
803
1533
1013
1798
1340
2072
1075
1545
1774
1365
1965
1632
1283
799
1936
946
1111
1621
1622
2144
1226
1943
1440
1837
1173
2075
1960
1902
826
1263
1206
2166
1034
1084
1575
1690
1582
2221
2012
1856
2107
844
756
919
1634
1107
744
796
1101
794
1636
1337
1783
911
2047
708
2036
1726
2188
869
1341
1114
1068
2146
1972
2001
1287
2114
1470
1067
1690
1114
1340
1051
1689
781
900
2213
1388
761
1711
1618
938
1833
2091
1234
946
1678
2216
1406
1387
704
1957
916
1165
1378
1908
2201
1029
1430
2065
847
1194
2016
861
1543
699
1440
1976
991
981
1306
1906
1966
1395
829
827
1088
1234
2057
1461
1174
1449
1416
686
1902
1030
1455
1523
863
1753
1306
1246
1892
745
1132
1266
794
770
1378
877
1955
674
1071
2181
822
1527
2092
1085
1948
1542
994
1858
1153
1044
2109
1782
2033
841
2070
863
1527
1845
1127
1029
683
807
1181
1277
2073
1987
1023
1249
1890
1550
1068
1724
936
1901
2001
1630
1628
1313
2194
1509
712
1714
1833
1321
1152
1136
925
1649
1422
825
999
1370
2210
2193
1136
1373
1296
1488
1028
1468
1780
1471
1716
845
1793
2081
2080
1649
666
751
1820
2216
1508
1446
1527
1725
2063
2153
1553
916
2006
1757
1026
2176
2041
951
1308
1143
744
1865
2044
1650
1972
708
1018
1818
1749
1574
2156
1456
943
1488
1421
717
1922
697
997
1608
866
1451
1550
2107
1643
1356
1066
2141
2057
1179
1146
1155
1049
1787
1695
1054
1658
978
1560
1324
1720
845
1484
1746
1048
766
957
2104
673
1580
1878
1248
2020
1576
1933
811
1935
765
1082
1160
1806
1551
2002
1390
1770
1343
762
1824
1249
1043
1173
689
856
2099
1973
1696
1178
924
1231
2026
2032
1985
1711
1261
2104
1311
1359
890
1187
1260
816
1801
2185
2166
1475
1787
1441
1126
2022
1043
1717
941
725
1960
1389
1357
1701
1964
758
1925
714
921
2159
1804
785
1232
1944
1451
2014
1325
1331
1130
2051
2017
1279
1779
888
960
766
1343
1066
1878
2144
1211
1848
1818
1090
1638
1604
1517
1120
711
1878
746
1961
1467
994
2169
793
675
1852
2081
873
1391
1961
1751
793
1539
1849
1253
729
1816
1617
1176
1985
1451
1065
1899
1426
1180
1672
1704
2080
2004
782
1863
1659
1347
2051
1668
1021
2188
1806
1251
784
844
1595
1796
1013
1314
879
720
1545
1513
1934
789
2052
1707
949
669
705
691
795
1343
1923
685
1982
674
990
743
1449
1402
2104
945
1497
1211
1708
1029
2195
1914
1684
846
1373
942
1282
824
1261
1202
1845
736
1411
738
993
1684
2080
1149
2173
1439
1176
779
1309
1428
868
1751
1224
984
1286
668
1316
1004
1189
1093
1313
1803
1910
1489
1113
795
923
1981
1154
1510
1676
1814
1036
727
1049
1412
2057
823
1683
1777
1944
1348
1695
1870
1110
669
1714
1396
2122
1183
1024
696
2193
1888
1209
1084
1913
1533
1098
1606
1460
1187
2064
1336
905
1885
1474
764
1598
748
1200
792
1564
1997
1848
762
2059
2126
1618
1851
1617
1723
1451
718
1386
1866
2024
2123
1368
1136
2057
1737
987
785
1329
1723
829
1328
2069
1483
1743
776
1476
1453
1241
1459
2128
807
2104
1204
1258
2125
1498
2081
992
703
1103
1124
798
793
1682
1825
797
1033
1995
1898
802
1058
2015
1621
1465
1622
755
1678
1575
1800
883
2028
2038
1273
2025
1555
758
1378
2129
2027
1530
1107
1597
1248
1566
2058
1574
739
2194
832
1227
2188
1881
1553
1277
1894
1698
824
1521
1908
1046
1612
1447
1327
1927
1106
1657
1809
992
879
1891
926
2007
1679
1030
1913
2096
1579
1101
944
732
2205
1044
758
852
2000
1753
894
1886
2197
989
865
872
1637
1267
1388
1043
961
2131
901
1003
1291
1348
1907
958
1759
1127
2020
1932
1011
800
1660
1569
1601
2195
2209
1081
1894
831
1815
1187
1805
1229
851
1027
1847
826
1726
1347
2178
714
1527
1668
1074
1549
2066
2024
1574
1609
1952
1888
1780
929
758
965
1728
1575
2100
1663
2049
952
2088
2087
1686
830
2077
1154
1301
1108
2102
2048
2168
1001
1569
1972
1068
1494
2013
883
2129
1358
1778
1258
1512
2068
740
1425
1877
1026
1872
1107
754
2015
2090
1123
2212
1631
1525
2078
2198
1992
1009
1565
2054
1619
2023
1012
1402
1643
1902
1142
1655
978
712
1030
1692
917
1391
1387
1996
704
1836
909
831
1502
1602
2104
1459
1416
679
1955
1014
710
1986
1327
1446
1143
1869
2091
1898
2180
1387
823
1526
1535
1083
954
1153
2205
848
780
1008
769
2049
1614
2051
1883
671
1232
927
1105
2215
894
1545
1407
2071
1499
1257
970
1952
1745
2186
2039
726
1974
2063
1504
1394
870
1646
1588
1046
1042
1316
704
1474
1704
2092
1684
2122
2163
1381
1812
722
734
1848
2145
1618
1068
1238
1207
942
1486
835
919
2161
1568
1495
1898
1089
753
1401
1299
1554
1360
2000
1605
1586
1156
1194
861
804
1245
1789
1190
2054
800
2097
985
1496
2211
696
1605
913
933
2156
1925
980
1168
2054
824
835
1383
1041
1418
757
1328
1039
1097
2001
1786
941
1688
1840
1375
810
1867
738
1287
1683
1820
1474
2195
950
1587
842
1082
1058
1202
1772
1665
2052
1944
1558
1795
1587
1588
1990
1019
1655
900
913
1786
1668
1956
1751
950
969
1419
1586
1106
1844
2046
1348
1195
1428
1069
1268
1698
781
1482
1146
1920
832
1159
1370
1861
744
739
1267
2121
1086
751
1088
1989
1567
1987
1518
2221
810
2067
1582
1700
1962
2205
1978
1644
2095
851
1543
1917
2185
1618
1710
1061
826
1009
803
1156
2209
1462
1576
1860
708
709
1629
981
1399
1594
1372
1104
1798
1845
795
789
1997
1235
1772
1088
1287
1992
2030
1218
858
1504
2159
2161
1585
1488
1225
1030
1867
1800
1799
1330
2050
2214
1651
1520
1918
744
1313
2067
1555
698
963
1168
1529
1063
674
1173
1588
1689
919
1019
1606
1996
1771
1849
1879
1479
1152
1719
1323
794
2180
2104
1997
1289
1618
1208
1881
2211
1121
1025
770
1607
819
1233
1832
1365
1557
2047
1417
1386
1761
716
1376
1924
944
1465
1732
950
1044
1081
874
2122
1480
1801
1523
2191
1885
2216
1901
1115
2128
849
1966
2189
895
681
1274
998
1062
931
984
1621
937
1270
1306
1664
1443
1843
2116
925
990
1061
1658
2139
849
1803
1205
1206
679
677
1013
1211
1552
711
1134
1040
786
1226
997
1527
1833
1386
681
1108
880
1916
1095
1029
2103
1192
1685
1342
2158
2063
1119
1063
1126
1160
801
831
1599
1878
734
1633
2059
2130
1410
983
2146
835
1667
1029
902
2057
2181
1167
2093
1354
796
1746
1642
1609
1561
1023
1955
1049
1685
781
748
1651
680
703
2115
1792
980
1768
1886
1657
1891
1134
969
1165
1466
864
2170
1855
1047
1545
1537
1466
1445
1758
1158
2093
1987
1470
820
2180
1576
708
1798
1948
685
964
995
1145
963
2006
2118
1288
1219
1231
692
2200
1154
1519
1939
1774
1927
1832
1771
1604
1742
1609
1254
1903
1383
1370
2019
1532
1762
1188
1199
1736
784
2091
1374
1728
793
1533
1132
1315
1747
1590
782
1100
1457
1396
1222
1777
919
716
1431
1501
1714
1086
1049
1650
1901
1038
1489
1416
1961
1516
1236
1415
1391
1844
2018
1018
767
680
1782
1695
1246
2096
1291
2152
1106
975
950
974
1000
1647
1807
1749
2038
900
1805
911
1088
1768
1414
1275
893
1881
1583
1514
1316
1917
1649
1437
1675
1324
1543
782
2167
1070
1052
1772
705
1620
1625
749
1904
1925
1213
1142
1627
1202
1997
1003
933
1767
1049
2057
1050
1016
1853
1866
1879
1892
766
1420
1743
1383
1496
1190
695
1897
2046
1428
1073
949
1471
784
726
881
767
974
1308
1957
1818
1497
2207
1316
1180
778
1697
1952
1557
1541
1442
2037
1358
1917
966
1636
1182
1832
2114
1820
822
1963
1577
1766
2102
2066
1277
1612
839
1693
783
2028
1666
1173
1427
1592
1223
988
2105
952
1259
1283
803
2013
2084
1605
1176
1462
1258
1324
2018
685
2143
1813
1640
1405
868
1223
2206
1168
896
843
1271
1048
1920
868
1555
2188
695
1099
769
1847
2188
810
1594
2122
2088
1016
1607
2107
894
1314
672
835
1953
714
1962
1633
965
1728
1453
1369
793
1095
1782
1079
1606
2179
1637
2178
1373
1701
1307
1649
1562
988
950
1328
704
1549
1180
1807
1281
1059
1869
869
1586
1495
1043
1629
1984
1767
1049
813
1770
741
1871
1489
1282
1612
2129
1738
1867
1365
1403
1574
1666
1708
855
976
1221
1213
2148
1173
783
719
1425
1663
740
1223
1349
678
790
1311
2222
1740
1707
1996
1516
1286
1248
2015
1815
858
950
1139
1576
1952
1011
2194
2198
771
1876
2140
1454
1652
1969
975
2072
774
1812
835
1460
1517
1382
932
751
1291
1070
1481
1753
1669
1064
1487
2193
722
1711
756
667
1510
1552
1024
1920
2192
1581
2014
2129
777
1991
774
1246
1543
1714
1859
2174
1736
834
1387
1095
2214
1955
1425
670
1486
1274
2065
1079
769
1945
1368
1877
1495
1379
1801
2034
1187
1397
1431
966
1575
1664
686
1616
1721
1220
1744
1546
1241
1639
1858
1513
1150
1324
1166
1359
1383
1776
2151
1947
2169
1311
1178
1800
1597
713
1565
2221
1490
1991
750
1089
1290
1694
2030
777
1437
1092
729
759
1150
1461
1738
1585
1258
2086
846
1479
2188
1533
1612
748
1172
1192
1553
1082
1271
1257
775
1647
754
1085
1333
1845
1190
880
1311
1729
1424
2122
854
848
670
2025
1332
1726
1129
2019
1381
883
1835
1964
1509
1876
1402
1576
1501
939
1323
1889
1246
944
1896
2160
833
1904
669
1437
1011
954
1830
1081
2018
1839
1705
789
1808
2063
877
1539
2002
2186
892
1477
834
1231
1969
1587
2183
1160
1146
2107
1495
820
1824
855
1169
1721
926
2154
1009
998
798
1723
1879
1793
2038
1404
753
1749
749
1950
1125
992
1684
1637
1615
840
1378
847
1569
1936
1160
2145
1476
2184
776
1030
710
1913
1319
2111
1979
1121
798
939
723
1504
1032
2190
691
1111
1900
1711
2005
996
776
1634
963
1894
1031
891
1237
1692
2170
1310
777
1839
775
743
912
1745
761
676
1291
1690
742
1462
857
1288
1191
847
1897
1911
1328
2132
1348
1360
1758
1077
2191
805
1423
1011
796
1966
2013
1811
1230
2080
1422
1655
1672
1684
1015
1432
1105
2121
767
1584
1809
1878
1469
1778
1717
2011
1912
680
1402
2063
1572
2017
810
1005
1744
1514
1110
1621
782
1748
1778
1535
1556
1106
884
928
2004
2056
907
1929
1577
1342
668
1089
1053
1747
1200
1788
692
1848
2022
1797
1975
902
876
1029
1254
722
2064
2017
2018
880
1937
1653
811
1597
685
786
1801
2112
901
741
1505
1213
1978
1270
1107
918
871
746
1814
2205
1247
1564
1574
1889
1590
1386
872
1955
1665
1064
715
1198
1146
1731
2119
1533
1851
1180
2194
775
1417
1141
1820
1491
1726
1884
694
1439
2064
1639
1791
750
1455
1171
767
2178
671
1817
1389
1753
2215
822
1230
978
1153
1384
1005
1126
831
1895
2091
1386
2179
1578
880
1880
1516
1670
1318
2055
902
1052
1538
1291
1056
2121
1547
1830
767
1004
1022
1128
1631
2002
1534
1133
1117
2091
1017
1867
1763
715
1717
1444
744
2107
1753
1840
1694
2082
887
2060
1315
775
990
1868
757
725
2142
1785
1514
1540
2125
1236
962
1497
2209
1030
825
1850
981
1542
1990
2140
1257
1740
1816
1961
1588
888
999
1584
1875
1066
916
1378
839
876
2171
1933
1330
716
1266
1752
2022
876
1725
2063
904
2185
1468
723
883
2161
1077
832
2004
2088
2139
2109
955
1359
999
1055
1896
942
1922
2071
1421
1520
2068
1603
2096
1224
1849
1590
776
1694
1995
1993
1681
2063
1564
1234
1805
1791
1657
1262
1095
1158
1891
2105
1318
788
1694
2099
1093
2033
1811
1918
861
1457
1429
1311
2044
1600
1917
946
1826
2191
1097
2121
982
1738
793
906
1510
1496
1665
2160
2049
2081
1757
1166
1358
849
1635
2165
1906
1782
736
2195
731
1831
1998
1527
1369
1482
1180
1347
1974
798
1269
1232
1139
1164
755
1484
1746
2117
1901
1183
1752
2021
765
1523
1771
1915
1492
1591
878
1964
1523
2208
694
2137
1485
1788
1081
2097
1546
768
1585
1317
1550
1889
1506
1335
1958
1649
1766
939
1892
1943
1807
1654
838
1396
1059
1437
2193
896
2144
1262
801
1639
2210
752
1931
2112
2081
1830
1411
1466
1161
2111
2220
2128
1419
885
1900
1755
2180
935
1221
738
2098
2209
917
1829
799
2063
673
2204
1505
1525
748
1115
964
1151
1811
1318
730
1478
881
959
1771
2103
1767
1285
1144
1491
1783
2093
1279
1506
1743
1289
811
742
1849
1298
1043
1258
1679
1011
1664
1851
1251
1971
1518
1342
2000
2123
1145
1899
2144
1021
815
1180
1120
1837
1674
905
1642
1341
778
1410
2134
1483
1736
1582
2145
2192
1135
732
2173
1993
1999
2034
1326
1132
2126
2148
1556
1251
1275
1263
724
1148
1351
1255
1231
1414
1594
913
1172
2191
1677
2022
1522
1305
1274
679
1342
1093
1755
1696
973
851
941
1101
1898
1940
926
1530
1701
1389
1141
1322
1749
1731
1506
1542
1427
1549
1874
1001
958
1410
1231
2107
1477
2046
825
844
1390
1905
752
1506
1250
1689
1314
1650
1665
1679
1002
1776
692
1055
831
1582
1341
1765
1325
1137
1795
1315
1374
995
1803
2091
1655
1505
851
1035
717
780
1597
906
1386
920
1225
2132
1803
1390
1691
1488
1957
2055
1650
1006
1780
2025
1974
1390
1306
1668
1167
1625
2214
1857
1011
922
883
749
2106
1498
1155
1901
2017
2003
1069
2180
844
837
1740
1842
723
1166
948
1104
1540
2140
2141
2144
1642
1127
1485
1134
2093
923
1683
781
1008
1015
2171
1477
1562
2111
1232
706
1837
1537
1343
1731
850
884
1660
1450
752
1298
1030
1903
2124
2058
1841
1506
1563
1793
1638
1945
1469
809
1075
1664
1263
816
1688
1882
1088
1243
1932
791
886
2062
1618
1026
1594
1024
2079
1933
1262
898
1397
1640
1813
1420
2117
1080
1312
2091
1851
1419
2004
2082
1731
852
774
1272
2191
1543
2022
707
1572
1924
1895
1576
2135
1870
1292
1995
1409
1888
847
1778
1871
941
2069
901
2072
1322
878
2129
2147
796
1927
728
898
1221
857
1166
1622
1962
838
2057
1803
998
1624
1483
1039
1665
1935
1464
828
1508
2008
1895
1778
983
984
2048
1209
1455
1671
1900
1779
1269
1581
1541
766
827
1541
1675
1984
812
1309
1355
1478
1775
1426
1079
707
2124
1771
952
2075
1670
708
1568
1543
925
1899
1959
779
2117
1616
1535
1790
1304
1258
1778
988
1764
1086
1937
1737
1294
1293
1950
701
1135
2009
1293
967
721
2202
2049
1540
2168
1603
1191
1506
1931
1257
1617
1716
798
1934
1178
2099
880
1457
1924
2079
1192
2073
2008
1968
1506
877
2200
1347
1744
1061
1062
744
833
1868
1749
2131
1651
1003
1812
1374
1022
1039
1201
1035
2135
1850
1587
1778
1295
1964
1375
1855
2040
785
1506
1521
1056
2027
2060
1643
789
1986
1313
1598
774
1024
695
917
1393
882
1100
1341
977
737
2037
822
746
1367
1132
1543
2175
2150
1104
1179
895
1621
997
1338
2016
1165
1334
1333
1094
2031
884
2162
1723
670
1957
2200
2110
1298
1951
1949
776
711
1879
1697
827
967
1199
1206
1348
1997
1035
1603
1562
1731
1905
2114
927
970
1394
879
1896
1696
849
1126
1321
1703
1117
1043
1344
841
804
2162
1573
1425
1186
2006
1670
1060
1969
2136
837
836
956
2183
1876
988
713
1845
2078
2204
998
1350
1177
742
1518
1060
1057
2160
1326
1036
1819
1948
1323
813
752
2128
1552
1631
1043
2038
1638
1090
1706
1120
674
1641
1785
1654
788
1864
1404
1748
1947
1137
1140
1245
2076
1774
702
774
2052
917
1877
1480
1568
1884
1326
2209
1273
687
990
1697
882
1369
1982
1596
1933
1101
1158
1363
2033
1684
1367
1897
1134
1864
2082
2079
2161
1687
2021
1169
1446
2010
1793
1854
1894
1727
933
2063
2022
2099
893
1819
1686
1750
1716
677
1931
915
1364
2182
1053
1977
2190
1965
1635
1996
2018
1380
2142
672
1793
1525
895
1183
863
1457
1800
2150
824
1696
1754
764
2071
1925
1910
992
1528
1691
1174
1065
861
1569
1016
933
994
1995
957
757
1511
810
2185
1001
1531
1747
1459
1913
1492
710
1883
1868
2013
1256
926
862
1341
1679
1221
1394
670
1230
2197
2017
1780
1304
1198
673
1444
740
2210
1078
1639
1035
1198
1891
979
782
1070
1073
1741
1001
1053
1963
1788
798
1563
1876
1214
1461
1329
1342
1046
1286
669
1647
1405
2068
1379
1238
1435
1626
862
708
670
1030
1955
1255
1186
1424
1908
2012
1698
2135
1613
2073
1995
1800
1061
2095
882
674
1138
1967
1826
1736
2141
771
1795
1800
919
1209
1332
910
2143
2183
1636
1240
815
1751
2179
1955
703
952
1810
1750
2155
1834
704
1480
668
1612
1304
2203
745
1903
2208
812
1280
1352
1655
1362
1332
1734
2048
1324
1274
1312
1035
1743
823
1163
1813
1308
1986
1079
1450
1209
2071
1093
717
1187
1853
1622
1506
1315
1584
1883
1812
1815
687
699
969
1532
784
1775
1492
947
1455
954
1475
1724
1358
682
2053
1615
2206
852
2206
1645
1046
1481
1081
1779
1656
854
1065
1260
1374
2007
846
1717
2014
2216
1082
1311
1784
731
2093
952
1603
919
1438
954
762
1389
832
1168
1510
1253
2034
1317
1011
911
1343
2199
1520
1281
1999
885
954
1594
1968
1931
892
909
997
1181
2124
1490
1347
947
749
1867
1590
1991
1218
728
1192
1646
995
1030
2063
974
2022
709
1069
1600
876
971
1695
1708
1350
683
1351
1386
1261
1834
1784
1341
779
719
935
1257
1367
1700
1464
2164
1639
1588
1393
956
1125
1395
798
2089
742
1118
2074
1245
919
1996
954
1715
899
1208
2152
1609
767
1547
959
1629
723
2002
1014
2065
1644
1815
1269
2087
1287
2059
2097
1348
2133
2163
1190
1881
1084
1216
2190
2070
1740
2035
1007
1271
1667
2093
1713
2205
2133
682
1381
739
1632
2010
2103
885
930
1977
1734
1961
1151
1918
1307
1096
1441
1393
1228
1269
2004
1063
1561
1300
715
1850
1860
1052
1288
831
1167
1672
1204
2059
935
2090
2025
860
1978
1921
1945
1371
943
1112
1076
763
1766
1032
1147
1280
1584
1767
924
690
1106
1589
1078
1086
1007
674
1287
876
1002
1352
1347
1349
1949
1758
2033
1164
2037
865
885
1715
2181
987
966
1263
1701
1253
1799
1678
2184
1173
773
775
2132
1908
2081
1501
1170
924
723
1389
686
1085
1154
1389
1534
1750
1633
1435
2004
1237
1708
2135
2009
799
991
978
1875
1469
1748
2059
2004
1868
1838
1443
2038
2100
1220
1725
1260
1296
1592
1191
944
1913
1604
1304
1634
815
2200
1802
676
1468
912
681
1896
1716
1145
1641
1155
1153
933
786
860
2052
1502
1312
2080
974
1750
1665
792
1643
1956
1370
1557
1583
1528
970
1397
1458
1383
691
1089
868
1490
2015
2176
1667
2089
925
1571
1711
1120
1613
807
1303
2148
1573
1141
1549
2103
967
987
815
1939
925
1911
786
922
978
1837
1619
1112
1455
2139
1836
1962
1906
1750
1653
913
1254
1159
1973
1274
710
1129
2115
1567
1602
1101
1585
834
1878
1229
1863
760
1912
731
1596
1924
1076
1880
695
1305
799
1111
1817
783
1902
849
1644
1634
1282
1454
1398
973
1631
781
1482
1651
1305
1534
1071
1509
2104
1425
712
1851
1479
754
1282
819
825
1181
1729
1523
691
1888
1815
1872
1806
1389
713
1591
810
1773
1706
1164
1157
1032
713
1185
1241
1619
844
1472
1126
887
1827
1489
1063
1298
1032
973
1406
2092
2207
1405
1361
2093
1738
2214
2065
1920
2092
1668
2080
864
1580
1264
1167
2112
2095
1471
1370
1411
1650
697
939
1394
2171
1608
955
1964
1382
1514
731
1126
1772
1104
952
877
1431
1657
1305
749
2205
1769
950
1614
857
1455
2047
1389
1087
914
1032
1325
1385
1249
1998
2068
1560
1147
846
704
2187
1400
1118
854
924
2207
2132
1899
2216
1310
1152
2001
1375
1082
1937
723
1147
1665
731
1438
1037
2127
1560
1148
1106
1747
921
1256
887
2116
2150
1476
1400
1336
996
2093
1538
1766
1677
1802
1388
725
2039
1488
1471
1350
2201
1980
1314
2066
1590
958
2138
783
1168
1756
1007
1282
890
1978
1814
769
1106
1119
1471
1979
1312
1847
1577
988
666
1855
1791
1781
2178
1818
948
1877
1705
947
1311
1508
1986
1807
1169
678
1900
950
971
1022
1708
1510
1267
1997
825
757
2054
1009
1570
1693
1172
941
784
1169
2041
2009
1694
1021
1304
1444
1849
1787
775
1576
1393
1895
693
2074
856
2098
1054
1932
1850
1380
1391
1139
1598
794
2099
1988
1073
1187
2115
2124
1121
1377
