23 58 77 74 30 
55 39 61 68 13 
38 54 79 27 54 
38 95 69 11 26 
45 76 79 55 63 
95 82 38 58 15 
84 52 96 75 38 
40 35 81 72 68 
77 39 18 7 8 
71 57 62 57 81 
89 32 9 87 87 
32 37 35 63 2 
8 70 88 79 94 
91 64 45 48 99 
67 8 49 78 66 
11 34 89 83 67 
65 99 13 52 43 
97 59 57 91 84 
78 10 73 25 53 
36 7 1 24 65 
75 13 92 38 79 
79 1 27 28 45 
38 79 78 70 95 
69 31 43 31 19 
21 54 45 36 8 
61 33 11 30 78 
67 92 35 45 16 
64 16 86 71 92 
61 64 34 13 9 
88 94 77 38 12 
96 79 67 79 19 
6 96 28 39 89 
24 42 50 54 15 
75 50 47 17 39 
29 90 88 8 20 
16 69 9 19 24 
69 57 51 79 54 
52 84 81 30 57 
92 90 53 49 72 
7 16 16 74 52 
99 49 65 62 23 
49 78 50 42 39 
68 9 38 76 96 
78 63 69 35 36 
10 49 59 93 6 
30 78 33 9 5 
42 0 32 84 22 
25 75 61 52 87 
56 61 66 91 6 
71 25 98 79 81 
